grid	eDNFFL	total	gained	kept	lost	DNF	eg	ek	el	egr	ekr	elr
1	0.0039525692	1	0	1	0	0	0	0.7777777778	0.2222222222	0	0	0
2	0	0	0	0	0	0	0	0	0	0	0	0
3	0.0395256917	2	2	0	0	0	0.6290322581	0.7661290323	0.6048387097	0	0	0
4	0.0158102767	1	1	0	0	0	0.3172690763	0.3253012048	0.3574297189	0	0	0
5	0.0632411067	4	4	0	0	0	1.6385542169	1.156626506	1.2048192771	0	0	0
6	0.0592885375	3	2	0	1	0	1.0161290323	0.9072580645	1.0766129032	0	0	0
7	0	0	0	0	0	0	0	0	0	0	0	0
8	0.0395256917	2	1	0	1	0	0.7580645161	0.4919354839	0.75	0	0	0
9	0.0395256917	1	1	0	0	0	0.5061728395	0.1769547325	0.316872428	0	0	0
10	0	0	0	0	0	0	0	0	0	0	0	0
11	0.0515873016	1	1	0	0	0	0.489539749	0.1338912134	0.3765690377	0.5371179039	0.1659388646	0.2969432314
12	0	0	0	0	0	0	0	0	0	0	0	0
13	0	0	0	0	0	0	0	0	0	0	0	0
14	0	0	0	0	0	0	0	0	0	0	0	0
15	0	0	0	0	0	0	0	0	0	0	0	0
16	0.0714285714	2	1	0	1	0	1.1440329218	0.2469135802	0.6090534979	1.2307692308	0.2564102564	0.5128205128
17	0	0	0	0	0	0	0	0	0	0	0	0
18	0	0	0	0	0	0	0	0	0	0	0	0
19	0.0564516129	1	1	0	0	0	0.6794871795	0.1623931624	0.1581196581	0.7574468085	0.170212766	0.0723404255
20	0	0	0	0	0	0	0	0	0	0	0	0
21	0	0	0	0	0	0	0	0	0	0	0	0
22	0	0	0	0	0	0	0	0	0	0	0	0
23	0	0	0	0	0	0	0	0	0	0	0	0
24	0	0	0	0	0	0	0	0	0	0	0	0
