grid	eDNFFL	total	gained	kept	lost	DNF	eg	ek	el	egr	ekr	elr
1	0.0513833992	13	0	12	1	0	0	10.1111111111	2.8888888889	#DIV/0!	#DIV/0!	#DIV/0!
2	0.0118577075	3	0	3	0	0	0.4166666667	1.4523809524	1.130952381	#DIV/0!	#DIV/0!	#DIV/0!
3	0.1778656126	9	6	3	0	0	2.8306451613	3.4475806452	2.7217741935	#DIV/0!	#DIV/0!	#DIV/0!
4	0.0632411067	4	2	2	0	0	1.2690763052	1.3012048193	1.4297188755	#DIV/0!	#DIV/0!	#DIV/0!
5	0.1106719368	7	7	0	0	0	2.8674698795	2.0240963855	2.1084337349	#DIV/0!	#DIV/0!	#DIV/0!
6	0.0988142292	5	3	0	2	0	1.6935483871	1.5120967742	1.7943548387	#DIV/0!	#DIV/0!	#DIV/0!
7	0.0869565217	2	2	0	0	0	0.9752066116	0.4710743802	0.5537190083	#DIV/0!	#DIV/0!	#DIV/0!
8	0.0395256917	2	1	0	1	0	0.7580645161	0.4919354839	0.75	0.92	0.32	0.76
9	0.0395256917	1	1	0	0	0	0.5061728395	0.1769547325	0.316872428	0.5	0.1690140845	0.3309859155
10	0.023715415	1	1	0	0	0	0.3967611336	0.2226720648	0.3805668016	0.46	0.16	0.38
11	0.0515873016	1	1	0	0	0	0.489539749	0.1338912134	0.3765690377	0.5371179039	0.1659388646	0.2969432314
12	0	0	0	0	0	0	0	0	0	0	0	0
13	0.0553359684	1	1	0	0	0	0.5857740586	0.1589958159	0.2552301255	0.5782608696	0.1347826087	0.2869565217
14	0	0	0	0	0	0	0	0	0	0	0	0
15	0.0515873016	1	1	0	0	0	0.5564853556	0.1841004184	0.2594142259	0.5782608696	0.1347826087	0.2869565217
16	0.1071428571	3	2	0	1	0	1.7160493827	0.3703703704	0.9135802469	1.8461538462	0.3846153846	0.7692307692
17	0	0	0	0	0	0	0	0	0	0	0	0
18	0	0	0	0	0	0	0	0	0	0	0	0
19	0.0564516129	1	1	0	0	0	0.6794871795	0.1623931624	0.1581196581	0.7574468085	0.170212766	0.0723404255
20	0	0	0	0	0	0	0	0	0	0	0	0
21	0	0	0	0	0	0	0	0	0	0	0	0
22	0	0	0	0	0	0	0	0	0	0	0	0
23	0	0	0	0	0	0	0	0	0	0	0	0
24	0	0	0	0	0	0	0	0	0	0	0	0
