total	eg	ek	el	ednf	ag	ak	al	adnf	displayname	graa	kraa	lraa	dnfraa	dnfraap	graap	kraap	lraap	traap	traa2p	traapr	traa2pr	name		blended	graap_b	kraap_b	lraap_b	traap_b	traa2p_b	delta_traap_b	delta_traa2p_b	bDNFFL_starts	avg_grid	actual_behind_DNFFL	expected_behind_DNFFL	delta_behind	delta_behind_race	delta_behind_season	adjusted_behind_race	percent_bDNFFL_per_start	expected_adjusted_behind_career	expected_gDNFFL_season	actual_gDNFFL_season	delta_gained_bDNFFL	traap_b_bDNFFL	traa2p_b_bDNFFL	traa2p_b_iDNFFL	actual_gDNFFL_full_season	delta_gained_bDNFFL_full	traap_b_iDNFFL_full	traa2p_b_iDNFFL_full	traap_b_iDNFFL	delta_gained_bDNFFL_full_chances	traap_b_iDNFFL_chances	
241	92.4274062911	75.1192638552	-73.4533298537	-6.3492019171	130	65	-46	-6	<a href='#'>Alonso</a>	40.1925125932	-10.7412845999	29.4512279933	0.3492019171	0.0014489706	0.1647234123	-0.0440216582	0.1207017541	5.7085033268	4.3907160286	3.271147541		alonso		1	0.1559028785	-0.0419886467	0.1139142318	5.3963422044	4.1491191767	-0.3121611224	-0.2415968519	244	7.2049	32	22.2121	-9.7879	-0.04011434	-0.80228689	0.02254	0.1311	4.43305	0.363364754	0.45082	-0.087454918	4.5940553144	3.3468322867	4.0616642587	0.6557	-0.29237295	5.1039692544	3.8567462267	5.3088872864	-0.2005601884	5.1957820159	3.9485589882
54	16.0108517984	22.2014395817	-15.7877086199	-1.0455207099	29	20	-5	0	<a href='#'>Alonso (2004 To 2006)</a>	13.259052774	-2.2208583295	11.0381944446	1.0455207099	0.0193614946	0.2455380143	-0.0411270061	0.2044110082	8.9989804513	7.0346763367	5.0288888889	1.6445925926	alonso_(2004_to_2006)		1	0.2468201883	-0.0390220428	0.2077981455	9.0923666744	7.1178051684	0.0933862231	0.0831288317	54	5.2222	3	3.0405	0.0405	0.00075	0.015	0.00926	0.0556	0.60816	0.225244444	0.18519	0.040059259	9.1073666744	7.1328051684	7.1578644274	0.3704	-0.145125926	8.9472407484	6.9726792424	9.1324259334	0.0050004	9.0973670744	7.1228055684
5272	2504	1282	-1486	-186	2504	1282	-1486	-186	<a href='#'>Baseline</a>	0	0	0	0	0	0	0	0	0	0	0.0019119879	-2.885784522	baseline		0	0	0	0	0	0	0	0	0	0	0	0	0	0	0	0	0	0	0	0	0	0	0	0	0	0	0	0	0	0	0	0
87	35.3897364649	23.8309788027	-27.7792847324	-2.5719366259	31	26	-30	0	<a href='#'>Bottas</a>	-4.2673574519	2.0798973141	-2.1874601378	2.5719366259	0.02956249	-0.0484926983	0.0236351968	-0.0248575016	-1.4670039977	-1.0790624111	-3.4054545455	-5.4025454545	bottas		1	-0.050456741	0.0249312781	-0.0255254628	-1.5196440764	-1.1159901486	-0.0526400788	-0.0369277375	88	8.2273	10	9.9071	-0.0929	-0.00105568	-0.02111364	0.02273	0.1136	1.86408	0.423654545	0.45455	-0.030890909	-1.5407577164	-1.1371037886	-1.1468810576	0.6818	-0.258163636	-1.7778077124	-1.3741537846	-1.5505349854	-0.006333922	-1.5259779984	-1.1223240706
68	24.9121857844	20.9907354508	-22.0970787647	-1.7322531583	25	22	-21	0	<a href='#'>Bottas (skip Rookie Year)</a>	0.5231805303	1.028994441	1.5521749713	1.7322531583	0.0254743112	0.0075823265	0.0149129629	0.0224952894	0.6015523193	0.5408937071	-2.4107246377	-4.5132173913	bottas_(skip_Rookie_year)		1	0.0007120608	0.0157359722	0.0164480329	0.3432018742	0.337505388	-0.2583504451	-0.2033883191	69	6.3913	8	4.9537	-3.0463	-0.04414928	-0.88298551	0.02899	0.1159	1.00346	0.290857971	0.57971	-0.288852173	-0.5397836358	-0.545480122	0.048653215	0.8696	-0.578707246	-0.2355053718	-0.241201858	0.0543497012	-0.33113281	0.0120690642	0.006372578
43	25.5418841803	6.8972562607	-10.5608595589	-1.543657441	25	5	-13	-2	<a href='#'>Bruno Senna</a>	-1.9254140406	-1.7455550963	-3.670969137	-0.456342559	-0.0106126177	-0.04375941	-0.0396717067	-0.0834311167	-2.5438105353	-2.1937352552	1.5945454545	-2.0389090909	bruno_senna		1	-0.0131857856	-0.0435384107	-0.0567241963	-1.398199639	-1.2927133538	1.1456108963	0.9010219013	44	16.9545	16	12.5837	-3.4163	-0.07764318	-1.55286364	0.04545	0.3636	2.07036	0.941072727	0.90909	0.031981818	-2.951063279	-2.8455769938	-1.2607315358	1.3636	-0.422563636	-1.820763275	-1.7152769898	-1.366217821	-0.2911541675	-1.6893538065	-1.5838675213
232	98.688396494	60.4348620625	-72.8767414436	-7.5986741825	98	63	-71	-7	<a href='#'>Button</a>	0.6062455369	3.2855193239	3.8917648608	0.5986741825	0.0025804922	0.0025907929	0.0140406809	0.0166314738	0.3844453331	0.36371899	-1.4668376068	-3.9394529915	button		1	-0.0030032961	0.0110926989	0.0080894028	0.1017221335	0.1257485023	-0.2827231996	-0.2379704877	234	9.0983	30	30.8606	0.8606	0.00367778	0.07355556	0.01282	0.1282	6.16421	0.526855555	0.25641	0.270445299	0.1752776935	0.1993040623	0.3961938013	0.5128	0.014035043	0.1157571765	0.1397835453	0.3721674325	0.0147105227	0.1164326562	0.140459025
63	41.2877041695	9.5191456374	-12.1931501931	-2.6923627886	44	11	-8	-1	<a href='#'>Ericsson</a>	4.0623388472	1.6049327688	5.667271616	1.6923627886	0.0268629014	0.0615505886	0.0243171632	0.0858677518	2.948366807	2.4559620983	7.6551515152	2.9913939394	ericsson		1	0.0424545861	0.0241033534	0.0665579396	2.1802505142	1.8406138251	-0.7681162928	-0.6153482731	66	17.5152	27	20.7464	-6.2536	-0.09475152	-1.8950303	0.11364	0.4091	3.92464	1.189284848	2.27273	-1.083442424	0.2852202142	-0.0544164749	0.7571714011	3.0303	-1.841018182	0.3392323322	-0.0004043569	1.0968080902	-0.7018623733	1.4783881409	1.1387514518
89	52.746214507	14.6154079304	-21.6383775625	-3.8832590394	56	11	-22	-3	<a href='#'>Glock</a>	-0.9584419135	-4.1598099565	-5.11825187	0.8832590394	0.0099242589	-0.0105323287	-0.0457121973	-0.056244526	-1.3355370953	-1.2512784655	3.8323076923	-0.2666813187	glock		1	0.0361832886	-0.0402464621	-0.0040631735	0.6424023038	0.3529359946	1.9779393991	1.6042144602	91	17.0879	25	26.981	1.981	0.02176923	0.43538462	0.03846	0.2747	4.77	1.048351648	0.76923	0.279120879	1.0777869238	0.7883206146	0.6320568736	1.3187	-0.27032967	0.3720726338	0.0826063246	0.9215231828	0.104493788	0.7468960918	0.4574297826
105	51.9282117818	21.2751732916	-31.7966149266	-3.9980889122	39	25	-41	-8	<a href='#'>Grosjean</a>	-12.0258739983	4.4280634164	-7.5978105819	-4.0019110878	-0.0381134389	-0.1123913458	0.0413837702	-0.0710075755	-3.6679784262	-2.76884766	-4.0469158879	-6.1255700935	grosjean		1	-0.1233250694	0.035673783	-0.0876512864	-4.2195271157	-3.2329265607	-0.5515486895	-0.4640789007	107	11.4486	22	19.3307	-2.6693	-0.02494673	-0.49893458	0.03271	0.2056	3.58595	0.670271028	0.65421	0.016065421	-4.7184616957	-3.7318611407	-3.2168611397	0.9346	-0.264308411	-4.4838355267	-3.4972349717	-4.2034616947	-0.1133967173	-4.332923833	-3.346323278
58	32.9181248646	8.7280388561	-16.3538362793	-2.7434050327	38	7	-13	0	<a href='#'>Gutierrez</a>	4.2640190322	-1.1609058979	3.1031131343	2.7434050327	0.0473000868	0.072271509	-0.0196763712	0.0525951379	2.4973329378	1.9191608656	4.6145762712	0.3740338983	gutierrez		1	0.0873299782	-0.0295052147	0.0578247634	2.9030948321	2.2044550067	0.4057618943	0.2852941411	59	15.2712	19	15.7432	-3.2568	-0.0552	-1.104	0.09322	0.322	2.92927	0.992972881	1.86441	-0.871433898	1.7990948321	1.1004550067	1.3330211087	2.7119	-1.718891525	1.1842033071	0.4855634817	2.0316609341	-0.4648482063	2.4382466258	1.7396068004
195	41.896391543	96.1576892572	-56.9459192	-2.697015649	52	90	-53	-4	<a href='#'>Hamilton</a>	10.4814170991	-6.2915163685	4.1899007306	-1.302984351	-0.006681971	0.0537508569	-0.0322641865	0.0214866704	1.5047505466	1.0747436913	-3.9625641026	-5.1838974359	hamilton		1	0.0517490059	-0.0315135228	0.0202354831	1.4396897801	1.0256977327	-0.0650607666	-0.0490459586	195	4.0872	9	8.0767	-0.9233	-0.00473487	-0.09469744	0.00256	0.0462	1.58783	0.162854358	0.05128	0.111572307	1.3449923401	0.9310002927	1.1372700397	0.1026	0.060290256	1.4999800361	1.0859879887	1.5512620871	-0.01052562	1.4291641601	1.0151721127
69	18.4715557727	29.9583803289	-20.5700638985	-1.2506172558	25	32	-12	-2	<a href='#'>Hamilton (2007 To 2010)</a>	6.8059750984	1.981659861	8.7876349594	-0.7493827442	-0.0108606195	0.0986373203	0.0287197081	0.1273570284	4.5198869733	3.7307884111	-0.091884058	-2.0784347826	hamilton_(2007_to_2010)		1	0.0915714387	0.0299740609	0.1215454996	4.2623387657	3.5297672563	-0.2575482076	-0.2010211549	69	5.087	4	4.0296	0.0296	0.00042899	0.00857971	0	0.058	0.79109	0.229301449	0	0.229301449	4.2709184757	3.5383469663	3.7590687053	0	0.229301449	4.4916402147	3.7590687053	4.4916402147	0	4.2623387657	3.5297672563
57	13.4374174641	26.0991966557	-17.4633858802	-0.8450500754	11	20	-26	-1	<a href='#'>Hamilton (2011 To 2013)</a>	-2.3851154006	-6.1439644728	-8.5290798734	-0.1549499246	-0.0027184197	-0.0418441298	-0.1077888504	-0.1496329802	-3.8295422014	-3.4947891627	-9.1231578947	-9.7550175439	hamilton_(2011_to_2013)		1	-0.0405755678	-0.1079922496	-0.1485678173	-3.7828677019	-3.4582631597	0.0466744995	0.036526003	57	3.7368	1	1.5882	0.5882	0.0103193	0.20638596	0	0.0175	0.31828	0.111677192	0	0.111677192	-3.5764817419	-3.2518771997	-3.3465859677	0	0.111677192	-3.6711905099	-3.3465859677	-3.6711905099	0	-3.7828677019	-3.4582631597
29	4.6513553692	16.3273810414	-8.0212635895	-0.2530475713	7	17	-5	-1	<a href='#'>Hamilton (2015 Spa To 2016)</a>	2.3892288319	0.7109297632	3.1001585952	-0.7469524287	-0.0257569803	0.0823872011	0.0245148194	0.1069020205	3.7857844325	3.1266868237	-2.4806896552	-3.4997241379	hamilton_(2015_Spa_to_2016)		1	0.0787749513	0.0258677194	0.1046426707	3.6683524392	3.0381528289	-0.1174319933	-0.0885339947	29	3.6207	2	1.1374	-0.8626	-0.02974483	-0.59489655	0	0.069	0.22256	0.153489655	0	0.153489655	3.0734558892	2.4432562789	3.1916424839	0	0.153489655	3.8218420942	3.1916424839	3.8218420942	-0	3.6683524392	3.0381528289
50	6.5209644273	29.9936544366	-13.4853811362	-0.428565658	9	29	-12	-1	<a href='#'>Hamilton (2015 To 2017)</a>	2.5121065849	-0.9795568392	1.5325497458	-0.571434342	-0.0114286868	0.0502421317	-0.0195911368	0.0306509949	1.6178625323	1.2159254787	-5.06	-5.588	hamilton_(2015_to_2017)		1	0.044507898	-0.0179256082	0.0265822898	1.4218037577	1.0657405734	-0.1960587745	-0.1501849053	50	3.06	3	1.5	-1.5	-0.03	-0.6	0.01	0.06	0.3066	0.12264	0.2	-0.07736	0.8218037577	0.4657405734	0.9883805734	0.4	-0.27736	1.1444437577	0.7883805734	1.3444437577	-0.2	1.2218037577	0.8657405734
114	55.903421108	23.8501656558	-34.2464132363	-4.2615832579	62	22	-30	-1	<a href='#'>Heidfeld</a>	6.6617551109	-0.2864291651	6.3753259457	3.2615832579	0.0286103795	0.0574289234	-0.0024692169	0.0549597064	2.247772596	1.788341209	1.6572413793	-1.7066206897	heidfeld		1	0.0533686543	-0.0161194154	0.0372492389	1.8123578644	1.38540863	-0.4354147316	-0.4029325791	116	10.7931	16	19.2415	3.2415	0.02794397	0.55887931	0.03017	0.1379	3.47642	0.599382758	0.60345	-0.004065517	2.3712371744	1.94428794	1.381343113	1.0345	-0.4351	1.3772578644	0.95030863	1.8082923474	0.2095832344	2.0219410988	1.5949918643
114	52.9648877786	23.8647680591	-37.1703441619	-4.4726773576	56	27	-31	-10	<a href='#'>Hulkenberg</a>	3.3008994551	2.7572455847	6.0581450398	-5.5273226424	-0.0484852863	0.0279737242	0.023366488	0.0513402122	1.586278728	1.3624889344	0.7162711864	-2.3717288136	hulkenberg		1	0.0266237914	0.0275020346	0.054125826	1.614992348	1.4020020167	0.02871362	0.0395130823	118	10.178	20	17.7443	-2.2557	-0.0191161	-0.38232203	0.05085	0.1695	3.45206	0.585094915	1.01695	-0.431854237	1.232670318	1.0196799867	0.9701477797	1.5254	-0.940328813	0.674663535	0.4616732037	1.183138111	-0.172042239	1.442950109	1.2299597777
98	45.8362294431	20.3084268925	-31.8553436647	-3.8306249818	51	20	-27	-7	<a href='#'>Hulkenberg (skip Rookie Year)</a>	5.8319127396	-0.6814011616	5.150511578	-3.1693750182	-0.0323405614	0.0571756151	-0.0066804035	0.0504952115	2.1534165328	1.6960116121	1.2380392157	-2.085254902	hulkenberg_(skip_Rookie_year)		1	0.0513591994	0.0029539322	0.0543131317	2.1134466219	1.7025730264	-0.039969911	0.0065614143	102	10.0294	16	14.9136	-1.0864	-0.01065098	-0.21301961	0.04902	0.1569	2.86881	0.562511764	0.98039	-0.417880392	1.9004270119	1.4895534164	1.2846926344	1.5686	-1.006115686	1.1073309359	0.6964573404	1.6955662299	-0.10650794	2.0069386819	1.5960650864
29	17.8119293067	4.3702691649	-6.8178015284	-1.3958426554	20	5	-4	-3	<a href='#'>Jolyon Palmer</a>	2.2386976816	0.6732653928	2.9119630744	-1.6041573446	-0.0553157705	0.0771964718	0.023216048	0.1004125198	3.5521798317	2.9346080575	7.1744827586	2.5692413793	jolyon_palmer		1	0.0751621549	0.022003415	0.0971655699	3.4465544972	2.8452572578	-0.1056253346	-0.0893507997	29	16.7586	11	8.6039	-2.3961	-0.08262414	-1.65248276	0.08621	0.3793	1.52929	1.054682758	1.72414	-0.669455173	1.7940717372	1.1927744978	2.1758020848	2.7586	-1.703937931	1.7426165662	1.1413193268	2.7770993242	-0.6008983145	2.8456561826	2.2443589433
49	27.3070033353	8.6662145144	-13.0267821502	-2.0369414503	31	6	-12	-1	<a href='#'>Kevin Magnussen</a>	4.8032978179	-2.7466664149	2.056631403	1.0369414503	0.0211620704	0.0960659564	-0.0549333283	0.0411326281	2.7439716884	1.9754440375	4.14	-0.068	kevin_magnussen		1	0.0752818891	-0.0543271513	0.0209547378	1.9247325364	1.3224774239	-0.819239152	-0.6529666136	50	13.6	14	11.3886	-2.6114	-0.052228	-1.04456	0.05	0.28	2.16469	0.865876	1	-0.134124	0.8801725364	0.2779174239	1.1883534239	1.6	-0.734124	1.1906085364	0.5883534239	1.7906085364	-0.2984457143	1.6262868221	1.0240317096
68	35.764806825	11.6737774453	-20.56141573	-3.0204148324	39	12	-17	-6	<a href='#'>Kobayashi</a>	0.7048538384	-0.0085186689	0.6963351695	-2.9795851676	-0.0438174289	0.0100693405	-0.0001216953	0.0099476453	0.4003397165	0.3197849922	1.8542857143	-1.6908571429	kobayashi		1	0.0473917776	0.0049819832	0.0523737607	1.9953107658	1.6161765453	1.5949710492	1.2963915532	70	14.1143	18	16.5923	-1.4077	-0.02011	-0.4022	0.02857	0.2571	3.14069	0.89734	0.57143	0.325911429	1.5931107658	1.2139765453	1.9420879743	0.8571	0.040197143	2.0355079088	1.6563736883	2.3212221948	-0.0670299817	1.9282807841	1.5491465637
107	54.7273840032	21.2552462481	-31.0173697485	-4.4550074874	58	21	-28	-3	<a href='#'>Kovalainen</a>	-1.7825145747	-0.5553141837	-2.3378287583	1.4550074874	0.0135982008	-0.0163533447	-0.0050946255	-0.0214479703	-0.7560262996	-0.6251995419	1.2776146789	-2.067266055	kovalainen		1	0.030467885	-0.0022681677	0.0281997173	1.1733520456	0.9296089656	1.9293783452	1.5548085074	109	13.6972	23	24.7047	1.7047	0.01563945	0.31278899	0.01376	0.211	4.48947	0.823755963	0.27523	0.548526606	1.4861410356	1.2423979556	1.4781355716	0.5505	0.273297248	1.4466492936	1.2029062136	1.7218786516	0.0408016239	1.2141536695	0.9704105895
75	31.1302957118	19.3824379563	-24.4872663322	-2.2137368685	33	22	-20	0	<a href='#'>Kubica</a>	2.4389448651	2.497725113	4.9366699781	2.2137368685	0.0295164916	0.0320913798	0.0328648041	0.0649561839	1.9409512745	1.6842202361	-0.1757894737	-2.8427368421	kubica		1	0.0249293905	0.0349008273	0.0598302178	1.6951921654	1.4957570414	-0.2457591091	-0.1884631947	76	7.6579	6	7.1932	1.1932	0.0157	0.314	0	0.0789	1.49899	0.394471052	0	0.394471052	2.0091921654	1.8097570414	1.8902280934	0	0.394471052	2.0896632174	1.8902280934	2.0896632174	0	1.6951921654	1.4957570414
68	35.043440838	13.0487085655	-19.9078505963	-2.8156679577	31	14	-23	-1	<a href='#'>Kvyat</a>	-3.2031224533	0.972417536	-2.2307049173	1.8156679577	0.0267009994	-0.047104742	0.0143002579	-0.0328044841	-1.5981845207	-1.2213465851	-1.5070588235	-4.2421176471	kvyat		1	-0.0595238962	0.0140511108	-0.0454727853	-2.09993363	-1.6237424608	-0.5017491092	-0.4023958757	68	11.5735	18	12.3538	-5.6462	-0.08303235	-1.66064706	0.08088	0.2647	2.4255	0.713382352	1.61765	-0.904264706	-3.76058069	-3.2843895208	-2.5280071668	2.3529	-1.639558824	-3.739492454	-3.2633012848	-3.004198336	-0.7380524433	-2.8379860733	-2.3617949041
31	16.6763127051	5.2555766143	-9.0681106807	-1.4079075449	15	5	-11	-1	<a href='#'>Kvyat (skip Rookie Year)</a>	0.1991921235	0.6302708327	0.8294629562	0.4079075449	0.0131583079	0.0040651454	0.0128626701	0.0169278154	0.4198592162	0.3873380532	0.6297959184	-2.5398367347	kvyat_(skip_Rookie_year)		1	-0.0311502382	0.0077275692	-0.023422669	-1.0914581429	-0.8422562377	-1.5113173591	-1.2295942909	31	13	12	6.6364	-5.3636	-0.17301935	-3.4603871	0.14516	0.3871	1.22369	0.789477419	2.90323	-2.113748387	-4.5518452429	-4.3026433377	-2.9560046247	3.871	-3.081490322	-4.1729484649	-3.9237465597	-3.2052065299	-1.7302079667	-2.8216661096	-2.5724642044
89	47.843544107	15.7905131854	-25.3659427078	-3.7026389757	44	17	-28	-5	<a href='#'>Maldonado</a>	-4.8072902504	0.8892215235	-3.9180687268	-1.2973610243	-0.0145770902	-0.0528273654	0.0097716651	-0.0430557003	-1.9176613137	-1.4950423906	-0.3435164835	-3.3875604396	maldonado		1	-0.043467963	0.0138718137	-0.0295961494	-1.4612822476	-1.1135385434	0.4563790661	0.3815038472	91	14.1209	16	21.8842	5.8842	0.06466154	1.29323077	0.03846	0.1758	4.04703	0.889457142	0.76923	0.120226373	-0.1680514776	0.1796922266	-0.9933121704	0.8791	0.010336263	-1.4509459846	-1.1032022804	-1.3410558746	0.3233000138	-1.1379822339	-0.7902385296
234	93.44479543	67.6562593606	-72.8989452094	-6.8257048921	110	77	-47	-7	<a href='#'>Massa</a>	17.7328821536	9.2106793518	26.9435615054	-0.1742951079	-0.0007448509	0.0748222876	0.038863626	0.1136859135	3.7701640219	3.1715857213	1.5408438819	-1.3277468354	massa		1	0.0706950952	0.0399841579	0.110679253	3.6274869639	3.0619262026	-0.1426770579	-0.1096595187	237	8.0422	26	25.5779	-0.4221	-0.00178101	-0.03562025	0.01055	0.1097	4.88688	0.412394936	0.21097	0.201424472	3.5918667139	3.0263059526	3.2633506746	0.2532	0.15923038	3.7867173439	3.2211565826	3.8289114359	-0.0041106046	3.6233763593	3.057815598
96	35.5276406768	32.6084564101	-27.8639029133	-2.5653762982	34	44	-18	-2	<a href='#'>Massa (2004 To 2009)</a>	-0.3263008403	11.5144730653	11.188172225	0.5653762982	0.0058893364	-0.0033989671	0.1199424278	0.1165434607	2.2628898718	2.2900816085	-0.5266666667	-2.448	massa_(2004_to_2009)		1	-0.0045055794	0.1219237292	0.1174181498	2.2582514082	2.2942960434	-0.0046384637	0.0042144349	96	7.8125	11	10.7082	-0.2918	-0.00303958	-0.06079167	0.01042	0.1146	2.0072	0.418166666	0.20833	0.209833333	2.1974597382	2.2335043734	2.5041293764	0.2083	0.209833333	2.4680847412	2.5041293764	2.4680847412	-0.0055256309	2.2527257772	2.2887704125
138	57.9171547534	35.0478029505	-45.0350422962	-4.2577688157	76	33	-29	-5	<a href='#'>Massa (2010 To 2017)</a>	18.0591829939	-2.3037937135	15.7553892804	-0.7422311843	-0.0053784868	0.128079312	-0.0163389625	0.1117403495	4.7963932304	3.7717587343	2.9485106383	-0.5650212766	massa_(2010_to_2017)		1	0.1294417564	-0.0154952847	0.1139464717	4.8677645615	3.8322305104	0.0713713311	0.0604717761	141	8.1986	15	14.8704	-0.1296	-0.00091915	-0.01838298	0.01064	0.1064	2.87961	0.408455319	0.21277	0.195689362	4.8493815815	3.8138475304	4.0279198724	0.2837	0.124767376	4.9925319375	3.9569978864	5.0634539235	-0.002451168	4.8653133935	3.8297793424
10	5.3264251671	1.8873317656	-2.7862430672	-0.3746697033	4	2	-4	0	<a href='#'>Max V (only Rookie Year)</a>	-0.6853950862	0.3716185901	-0.3137764962	0.3746697033	0.0374669703	-0.0360734256	0.0195588732	-0.0165145524	-1.0517595604	-0.7631721557	-0.7021052632	-3.5795789474	max_v_(only_Rookie_year)		1	-0.1260848822	0.0626887635	-0.0633961187	-3.7896200185	-2.7809409609	-2.7378604581	-2.0177688052	19	11.3684	4	3.3161	-0.6839	-0.03599474	-0.71989474	0.02632	0.2105	0.61671	0.649168421	0.52632	0.122852632	-4.5095147585	-3.5008357009	-2.6580883289	1.0526	-0.403463157	-4.1930831755	-3.1844041179	-3.6667673865	-0.179968285	-3.9695883035	-2.9609092459
29	10.9552598327	8.5573566685	-9.4873834989	-0.6366040729	16	6	-7	-1	<a href='#'>Max V (skip Rookie And Spain 2017)</a>	5.0881083217	-2.5526083304	2.5354999913	-0.3633959271	-0.012530894	0.1754520111	-0.0880209769	0.0874310342	5.2576609055	3.8540448168	2.3468965517	-1.1548965517	max_v_(skip_Rookie_and_Spain_2017)		1	0.1721882109	-0.0883615474	0.0838266635	5.1202974885	3.7427918013	-0.1373634171	-0.1112530155	29	5.6207	4	1.4993	-2.5007	-0.08623103	-1.72462069	0.03448	0.1379	0.32697	0.225496551	0.68966	-0.464158621	3.3956767985	2.0181711113	3.2786331803	1.3793	-1.153813793	3.9664836955	2.5889780083	4.6561388675	-0.8623038775	4.257993611	2.8804879238
30	11.3648983869	8.846513295	-9.7885883181	-0.6528263083	16	6	-8	-1	<a href='#'>Max V (skip Rookie Year)</a>	4.6784697675	-2.8417649569	1.8367048106	-0.3471736917	-0.0115724564	0.1559489923	-0.0947254986	0.0612234937	4.3434497187	3.0958577807	1.4733333333	-1.8813333333	max_v_(skip_Rookie_year)	max_v_(skip_Rookie_year)	1	0.1527939854	-0.0950547167	0.0577392687	4.2106650822	2.9883131991	-0.1327846365	-0.1075445816	30	5.6	5	1.5314	-3.4686	-0.11562	-2.3124	0.03333	0.1667	0.33501	0.22334	0.66667	-0.443326666	1.8982650822	0.6759131991	2.5449865331	1.3333	-1.109993333	3.1006717492	1.8783198661	3.7673384162	-0.924936876	3.2857282062	2.0633763231
48	20.8899505602	12.3505999616	-14.7594494781	-1.3729712754	24	10	-14	-1	<a href='#'>Max Verstappen</a>	3.9930746813	-2.4701463669	1.5229283144	0.3729712754	0.0077702349	0.08149132	-0.0504111503	0.0310801697	2.2514297942	1.599499234	0.6297959184	-2.5398367347	max_verstappen		1	0.0647055279	-0.0488836638	0.0158218641	1.6105478406	1.0929036174	-0.6408819536	-0.5065956166	49	7.8367	9	4.8472	-4.1528	-0.08475102	-1.69502041	0.03061	0.1837	0.95172	0.388457142	0.61224	-0.223787755	-0.0844725694	-0.6021167926	0.8691158624	1.2245	-0.836032653	0.7745151876	0.2568709644	1.3867600856	-0.5650115111	1.0455363295	0.5278921062
54	15.3969101003	22.8151956563	-15.7878942434	-1.0217174276	15	28	-11	0	<a href='#'>Michael Schumacher (2004 To 2006)</a>	0.0117493105	5.2303007267	5.2420500372	1.0217174276	0.0189206931	0.0002175798	0.0968574209	0.0970750007	1.9458516103	1.9441109717	-2.3785185185	-3.6887407407	michael_schumacher_(2004_to_2006)		1	-0.0092064477	0.0981686248	0.0889621771	1.595114587	1.6687661686	-0.3507370233	-0.275344803	174	3.7241	5	5.6051	0.6051	0.00347759	0.06955172	0.00862	0.0287	1.14935	0.132109195	0.17241	-0.040304598	1.664666307	1.7383178886	1.6284615706	0.2299	-0.097775862	1.497338725	1.5709903066	1.554809989	0.027822498	1.622937085	1.6965886666
110	40.6221541545	35.3022206763	-34.0756251689	-2.8981007457	46	43	-21	-1	<a href='#'>Michael Schumacher (2004 to 2012)</a>	5.3928528836	8.2630788923	13.6559317759	1.8981007457	0.0172554613	0.0481504722	0.0737774901	0.1219279623	3.4015686892	3.0163649118	0.7828571429	-1.6622857143	michael_schumacher_(2004_to_2012)		1	0.0488134331	0.0700558866	0.1188693197	3.353655057	2.9631475919	-0.0479136322	-0.0532173199	111	8.018	15	12.3312	-2.6688	-0.02404324	-0.48086486	0.02252	0.1351	2.34958	0.423347747	0.45045	-0.027102703	2.872790197	2.4822827319	2.9360448889	0.5405	-0.117192793	3.236462264	2.8459547989	3.326552354	-0.09616576	3.257489297	2.8669818319
56	25.2252440543	12.4870250199	-18.2877309257	-1.8749783014	31	15	-10	-1	<a href='#'>Michael Schumacher (2010 To 2012)</a>	4.7907421273	3.3219347922	8.1126769194	0.8749783014	0.0156246125	0.0840481075	0.0582795578	0.1423276653	4.527515455	3.855130595	3.5084210526	0.0695438596	michael_schumacher_(2010_to_2012)		1	0.1050995267	0.045460133	0.1505596596	5.1131837261	4.2723875128	0.5856682712	0.4172569178	57	10	10	8.2572	-1.7428	-0.03057544	-0.61150877	0.01754	0.1754	1.58598	0.55648421	0.35088	0.205607018	4.5016749561	3.6608787428	4.4779945308	0.3509	0.205607018	5.3187907441	4.4779945308	5.3187907441	-0.061154852	5.0520288741	4.2112326608
20	12.2685398133	3.3702715913	-4.3611885955	-0.7989685932	16	4	0	0	<a href='#'>Ocon</a>	3.9430746021	0.4353007455	4.3783753477	0.7989685932	0.0399484297	0.1971537301	0.0217650373	0.2189187674	8.3214499498	6.7442201089	12.14	6.652	ocon		1	0.1857361893	0.0323232405	0.2180594298	8.0759123806	6.5900228666	-0.2455375692	-0.1541972423	20	15.3	10	5.2922	-4.7078	-0.23539	-4.7078	0.1	0.5	0.99522	0.99522	2	-1.00478	3.3681123806	1.8822228666	5.5852428666	4	-3.00478	5.0711323806	3.5852428666	7.0711323806	-1.88312	6.1927923806	4.7069028666
118	58.6162433349	22.4744951925	-36.9092614727	-4.8867457537	69	22	-27	-4	<a href='#'>Perez</a>	9.2292060563	0.973766481	10.2029725374	0.8867457537	0.0075147945	0.07564923	0.0079816925	0.0836309224	3.1856030481	2.5804092084	3.0252459016	-0.6529180328	perez		1	0.0879270209	-0.0039502287	0.0839767921	3.4380762605	2.7346600934	0.2524732124	0.154250885	122	11.3115	25	21.4162	-3.5838	-0.02937541	-0.5875082	0.03279	0.2049	4.10276	0.672583606	0.65574	0.016845902	2.8505680605	2.1471518934	2.7515059954	1.1475	-0.474957377	2.9631188835	2.2597027164	3.4549221625	-0.16449642	3.2735798405	2.5701636734
101	49.819429491	19.8533078205	-31.3272626884	-4.0781126961	64	17	-20	-4	<a href='#'>Perez (skip Rookie Year)</a>	13.4900818461	-1.2785035132	12.2115783329	0.0781126961	0.000773393	0.12847697	-0.0121762239	0.116300746	4.8955543198	3.8677385601	4.520952381	0.4805714286	perez_(skip_Rookie_year)		1	0.1236485556	-0.0244168956	0.09923166	4.4576043123	3.4684158676	-0.4379500075	-0.3993226925	105	10.8762	22	17.3587	-4.6413	-0.04420286	-0.88405714	0.02857	0.2095	3.28733	0.626158095	0.57143	0.054729524	3.5735471723	2.5843587276	3.5231453916	1.1429	-0.516699047	3.9409052653	2.9517168206	4.5123338363	-0.241115535	4.2164887773	3.2273003326
54	27.7872649537	9.1204542548	-17.0922807914	-2.3267516305	28	10	-16	-3	<a href='#'>Petrov</a>					0				-1.0783521446	-0.8070820284	0.9466504475		petrov		1	0.0039395379	0.0162878842	0.0202274221	0.4833391991	0.4518228959	1.5616913437	1.2589049244	55	14.7091	14	13.6759	-0.3241	-0.00589273	-0.11785455	0.06364	0.2545	2.38102	0.865825454	1.27273	-0.406901818	0.3654846491	0.3339683459	0.0449210779	1.8182	-0.952356364	-0.4690171649	-0.5005334681	0.0764373811	-0.04209133	0.4412478691	0.4097315659
206	73.5244641474	66.7186404592	-65.7568953937	-4.938983856	95	64	-47	-6	<a href='#'>Raikkonen</a>	21.6140398421	-2.7073860537	18.9066537883	-1.061016144	-0.0051505638	0.1044156514	-0.0130791597	0.0913364917	3.9150428628	3.0797176516	0.6810628019	-2.0784347826	raikkonen		1	0.1042298629	-0.0131769726	0.0910528903	3.9056550627	3.0718161597	-0.0093878001	-0.0079014918	207	6.3333	17	14.9985	-2.0015	-0.00966908	-0.19338164	0.00725	0.0821	3.16692	0.305982608	0.14493	0.161055072	3.7122734227	2.8784345197	3.2328712317	0.1932	0.112745894	4.0184009567	3.1845620537	4.0667101347	-0.0227464588	3.8829086039	3.0490697009
52	17.9476834572	18.7873481341	-15.2649684084	-1.2565051778	27	21	-4	-2	<a href='#'>Raikkonen (2004 To 2006)</a>	9.3467187302	2.2000182905	11.5467370207	-0.7434948222	-0.0142979773	0.179744591	0.042308044	0.222052635	8.0359445196	6.5979877918	4.9861538462	1.7443076923	raikkonen_(2004_to_2006)		1	0.172504073	0.0450470964	0.2175511694	7.8011048495	6.4210722652	-0.2348396701	-0.1769155267	98	6.8367	4	8.246	4.246	0.04332653	0.86653061	0	0.0408	1.67743	0.342332653	0	0.342332653	8.6676354595	7.2876028752	6.7634049182	0	0.342332653	8.1434375025	6.7634049182	8.1434375025	0	7.8011048495	6.4210722652
196	71.1173194395	62.4572924558	-62.4253881049	-4.8252404725	95	60	-41	-5	<a href='#'>Raikkonen (2004 To 2016)</a>	24.0211845499	-2.4460380503	21.5751464996	-0.1747595275	-0.0008916302	0.121934947	-0.0124164368	0.1095185102	4.6290691421	3.6535895665	1.5207106599	-1.4251573604	raikkonen_(2004_to_2016)		1	0.1217221885	-0.012594651	0.1091275375	4.6169945212	3.643217013	-0.0120746209	-0.0103725534	243	6.6132	17	18.7946	1.7946	0.00738519	0.1477037	0.00617	0.07	3.90739	0.321595884	0.12346	0.198139094	4.7646982212	3.790920713	3.841356107	0.1646	0.156986831	4.7739813522	3.800203844	4.8151336152	0.0173759506	4.6343704718	3.6605929636
10	2.4071447079	4.2613480035	-3.3315072888	-0.1236813387	0	4	-6	-1	<a href='#'>Raikkonen (2017)</a>	-2.4071447079	-0.2613480034	-2.6684927112	-0.8763186613	-0.0876318661	-0.2407144708	-0.0261348003	-0.2668492711	-10.1512748382	-8.2255590719	-15.86	-14.948	raikkonen_(2017)		1	-0.2407144708	-0.0261348003	-0.2668492711	-10.1512748382	-8.2255590719	0	0	10	3	0	0.1004	0.1004	0.01004	0.2008	0	0	0.03616	0.07232	0	0.07232	-9.9504748382	-8.0247590719	-8.1532390719	0	0.07232	-10.0789548382	-8.1532390719	-10.0789548382	0	-10.1512748382	-8.2255590719
57	28.1040087719	10.1311790394	-18.7648121884	-2.547225022	30	12	-15	-1	<a href='#'>Resta</a>				1.547225022	0.0271442986				2.1608829341	1.8560698576	5.3571428571		resta		1	0.033263004	0.0327863326	0.0660493366	1.9862468127	1.7201427808	-0.1746361214	-0.1359270769	58	12.069	9	11.2651	2.2651	0.03905345	0.78106897	0.03448	0.1552	2.19727	0.75767931	0.68966	0.068024138	2.7673157827	2.5012117508	1.7881669188	0.6897	0.068024138	2.0542709507	1.7881669188	2.0542709507	0.1735821633	2.1598289761	1.8937249441
117	52.585723764	29.5393103292	-34.874965907	-3.3746268352	44	27	-46	-1	<a href='#'>Ricciardo</a>	-8.6718160935	-3.0514787545	-11.7232948479	2.3746268352	0.0202959559	-0.0734899669	-0.0258599894	-0.0993499563	-3.4567984646	-2.8688787295	-4.0294915254	-6.1683389831	ricciardo		1	-0.0735610621	-0.0215246994	-0.0950857615	-3.3729364716	-2.7844479747	0.0838619931	0.0844307548	118	9.839	20	16.633	-3.367	-0.0285339	-0.57067797	0.02542	0.1695	3.03107	0.513740677	0.50847	0.005266101	-3.9436144416	-3.3551259447	-2.7791818737	0.8475	-0.33371695	-3.7066534216	-3.1181649247	-3.3676703706	-0.142676625	-3.5156130966	-2.9271245997
68	34.2743019971	14.2177629166	-19.5079350863	-2.3134602154	24	13	-31	0	<a href='#'>Ricciardo (2011 To 2014)</a>	-10.645715079	-1.7917415131	-12.4374565922	2.3134602154	0.0340214738	-0.1542857258	-0.0259672683	-0.1802529941	-6.6907743974	-5.4564885912	-5.5991304348	-7.5856811594	ricciardo_(2011_to_2014)		1	-0.1516954674	-0.0208631546	-0.172558622	-6.4850817895	-5.2715180501	0.205692608	0.1849705411	69	12.4783	13	13.5126	0.5126	0.00742899	0.14857971	0.02174	0.1884	2.36065	0.684246376	0.43478	0.249463768	-6.3365020795	-5.1229383401	-5.0220542821	0.5797	0.104536232	-6.3805455575	-5.1669818181	-6.2356180215	0.0228580169	-6.4622237725	-5.2486600331
49	18.311421767	15.3215474123	-15.3670308209	-1.0722605487	20	14	-15	-1	<a href='#'>Ricciardo (2015 To 2017)</a>	1.9738989856	-1.2597372414	0.7141617442	0.0722605487	0.0014747051	0.0402836528	-0.0257089233	0.0145747295	1.0971676448	0.7748984227	-1.8191836735	-4.1724897959	ricciardo_(2015_to_2017)		1	0.0314749413	-0.0257853724	0.0056895689	0.7432902052	0.4914906747	-0.3538774396	-0.283407748	49	6.1224	7	3.1208	-3.8792	-0.07916735	-1.58334694	0.03061	0.1429	0.67041	0.273636734	0.61224	-0.338608163	-0.8400567348	-1.0918562653	0.1528825117	1.2245	-0.950853061	-0.2075628558	-0.4593623863	0.4046820422	-0.6785829143	0.0647072909	-0.1870922396
200	68.1610153892	70.703244807	-61.1357398037	-5.0635098349	75	65	-60	-6	<a href='#'>Rosberg</a>	7.2507532332	-5.7275335228	1.5232197104	-0.9364901651	-0.0046824508	0.0362537662	-0.0286376676	0.0076160986	0.8773972944	0.587367165	-2.36	-4.448	rosberg		1	0.0341530821	-0.028474383	0.005678699	0.7966356214	0.523410965	-0.0807616729	-0.0639562	200	6.785	13	17.1511	4.1511	0.0207555	0.41511	0.0025	0.065	3.29588	0.329588	0.05	0.279588	1.2117456214	0.938520965	0.802998965	0.1	0.229588	1.0262236214	0.752998965	1.0762236214	0.0319315385	0.8285671599	0.5553425035
46	23.2175849583	8.6410274554	-14.1413875866	-1.8954276151	26	9	-11	-3	<a href='#'>Sainz</a>	3.9363541625	-0.003573816	3.9327803465	-1.1045723849	-0.0240124431	0.0837522162	-7.60386377980607E-005	0.0836761776	3.3485678762	2.6785501464	2.9485106383	-0.7352340426	sainz		1	0.0603963248	0.0078947097	0.0682910345	2.5737471861	2.0905765875	-0.7748206901	-0.5879735589	47	11.8936	10	8.9329	-1.0671	-0.02270426	-0.45408511	0.04255	0.2128	1.6484	0.701446808	0.85106	-0.149617021	2.1196620761	1.6364914775	1.9409595665	1.2766	-0.575148936	1.9985982501	1.5154276515	2.4241301651	-0.136225986	2.4375212001	1.9543506015
26	15.5455272432	3.6259608826	-6.8285118742	-1.2237156784	20	4	-2	-2	<a href='#'>Speed</a>				-0.7762843216	-0.0298570893				6.728532624	5.4323609594	11.2407680945		speed		1	0.1713258753	0.0143861199	0.1857119952	7.1407574085	5.7701504064	0.4122247844	0.3377894469	26	16.7692	8	7.7689	-0.2311	-0.00888846	-0.17776923	0.09615	0.3077	1.43097	1.100746153	1.92308	-0.82233077	6.9629881785	5.5923811764	4.9478196364	2.3077	-1.206946154	5.9338112545	4.5632042524	6.3184266385	-0.0666636837	7.0740937247	5.7034867226
119	68.7070755649	20.1435602889	-30.1493641461	-5.4251303962	64	23	-32	-6	<a href='#'>Sutil</a>	-5.406669574	3.2249298337	-2.1817397403	-0.5748696038	-0.004830837	-0.0443169637	0.0264338511	-0.0178831126	-1.2440015269	-0.8894658172	1.0580327869	-2.2266885246	sutil		1	-0.040047504	0.0244959422	-0.0155515618	-1.1119813151	-0.7916012834	0.1320202118	0.0978645337	122	14.8033	28	30.9892	2.9892	0.02450164	0.49003279	0.02869	0.2295	5.7155	0.936967213	0.57377	0.363196722	-0.6219485251	-0.3015684934	-0.4284045614	0.6557	0.281229509	-0.8307518061	-0.5103717744	-0.7487845931	0.0700006586	-1.0419806565	-0.7216006249
16	6.3376969111	5.0016363526	-4.6606667362	-0.4252743891	12	3	-1	-1	<a href='#'>Trulli (2004 Renault)</a>	5.7517963478	-1.9928390133	3.7589573345	-0.5747256109	-0.0359203507	0.3594872717	-0.1245524383	0.2349348334	11.8884421029	9.012543929	9.89	4.802	trulli_(2004_Renault)		1	0.3525428273	-0.1237511563	0.228791671	11.6266899662	8.8063473478	-0.2617521368	-0.2061965812	16	6.9375	1	1.3246	0.3246	0.0202875	0.40575	0	0.0625	0.2353	0.294125	0	0.294125	12.0324399662	9.2120973478	9.1004723478	0	0.294125	11.9208149662	9.1004723478	11.9208149662	0	11.6266899662	8.8063473478
119	56.6345083949	26.6455226655	-35.7199689393	-4.2898256425	48	25	-46	-4	<a href='#'>Trulli (2005 To 2012)</a>	-10.1346253812	-2.1402541756	-12.2748795568	0.2898256425	0.0024355096	-0.0837572346	-0.017688051	-0.1014452856	-3.704050403	-3.0339925265	-3.1988429752	-5.5926280992	trulli_(2005_to_2012)		1	-0.0717347883	-0.0124115923	-0.0841463806	-3.1176233781	-2.5437450717	0.5864270248	0.4902474548	121	11.6033	19	22.1581	3.1581	0.0261	0.522	0.04545	0.157	4.06045	0.67114876	0.90909	-0.237942149	-2.5956233781	-2.0217450717	-2.7816872207	1.3223	-0.651165289	-3.7687886671	-3.1949103607	-3.3555655271	0.2197871384	-2.8978362397	-2.3239579333
57	29.9752015545	9.4185109251	-17.6062875202	-2.5154795153	21	7	-29	0	<a href='#'>Vergne</a>	-10.209118528	-2.5515779377	-12.7606964657	2.5154795153	0.0441312196	-0.176019285	-0.0439927231	-0.220012008	-7.9206258599	-6.5124715802	-6.9634482759	-8.948	vergne		1	-0.1575330817	-0.042356611	-0.1998896926	-7.1484554858	-5.8881908325	0.772170374	0.6242807476	58	14.069	12	13.6912	1.6912	0.02915862	0.58317241	0.00862	0.2069	2.46647	0.850506896	0.17241	0.678093103	-6.5652830758	-5.3050184225	-5.2100977295	0.3448	0.50567931	-6.6427761758	-5.3825115225	-6.4703623828	0.0485938133	-7.0998616725	-5.8395970192
183	48.4866806041	80.508919666	-54.0043997297	-3.4483636544	59	80	-44	-7	<a href='#'>Vettel</a>	11.189808649	-0.5594230981	10.6303855509	-3.5516363456	-0.0194078489	0.0611464953	-0.0030569568	0.0580895385	2.3847206776	1.8955487148	-2.2206557377	-3.8878907104	vettel		1	0.0574041049	-0.0027352539	0.054668851	2.2414591175	1.7822262783	-0.1432615601	-0.1133224365	183	5.0273	11	10.3039	-0.6961	-0.00380383	-0.0760765	0.00546	0.0601	1.99803	0.218363934	0.10929	0.109074317	2.1653826175	1.7061497783	1.8913005953	0.2186	-0.0002153	2.2412438175	1.7820109783	2.3505334345	-0.0138334055	2.227625712	1.7683928729
39	15.1844833569	12.1910106962	-11.624505947	-1.2102367404	13	11	-15	-4	<a href='#'>Vettel (2007 To 2009)</a>	1.7469817068	1.2390776275	2.9860593343	-2.7897632596	-0.0715323913	0.0919464056	0.065214612	0.1571610176	4.9821484643	4.2465772193	1.4031578947	-1.0532631579	vettel_(2007_to_2009)		1	-0.0462597099	-0.0245949885	-0.0708546984	-2.3422881648	-1.9722104858	-7.3244366291	-6.2187877052	39	8.5641	1	4.8718	3.8718	0.09927692	1.98553846	0	0.0256	0.91597	0.469728205	0	0.469728205	-0.3567497048	0.0133279742	-1.5024822808	0	0.469728205	-1.8725599598	-1.5024822808	-1.8725599598	0	-2.3422881648	-1.9722104858
177	64.1466956158	55.7661212304	-57.087183154	-4.8687654401	54	48	-75	-5	<a href='#'>Webber</a>	-9.1082310563	-7.7696265522	-16.8778576085	-0.1312345599	-0.0007414382	-0.0511698374	-0.0436495874	-0.0948194248	-2.9197852432	-2.5104265441	-6.1071910112	-7.6671011236	webber		1	-0.0573496029	-0.0438527521	-0.1012023551	-3.1710391595	-2.7122423362	-0.2512539163	-0.2018157921	178	6.9663	8	15.6025	7.6025	0.04271067	0.85421348	0.01124	0.0449	3.00395	0.337522471	0.22472	0.11280337	-2.3168256795	-1.8580288562	-2.5994389662	0.3371	0.00044382	-3.1705953395	-2.7117985162	-3.0582357895	0.3203503438	-2.8506888158	-2.3918919925
28	18.5606745166	4.1817181878	-5.2576072956	-1.42205174	17	7	-4	-2	<a href='#'>Wehrlein</a>	-1.3280543098	2.7276853656	1.3996310559	-0.57794826	-0.0206410093	-0.0474305111	0.0974173345	0.0499868234	0.0511262472	0.4305703357	5.4257142857	1.4805714286	wehrlein		1	-0.0566349685	0.1015495148	0.0449145463	-0.2344084454	0.2186713029	-0.2855346926	-0.2118990327	28	17.9643	13	9.013	-3.987	-0.14239286	-2.84785714	0.10714	0.4643	1.66385	1.188464285	2.14286	-0.954392857	-3.0822655854	-2.6291858371	-0.7357215541	2.8571	-1.668678572	-1.9030870174	-1.4500072691	-1.1888013024	-0.8762505923	-1.1106590377	-0.6575792894
18	7.3905558824	5.1945446888	-5.4148994288	-0.4513792174	14	1	-3	0	<a href='#'>Alonso (2004)</a>				0.4513792174	0.0250766232				10.5536174038	7.5217426435	8.4629903168		alonso_(2004)		1	0.3774949322	-0.2255277301	0.1519672021	10.5892426867	7.569283229	0.0356252829	0.0475405854	18	7.5556	1	1.7034	0.7034	0.03907778	0.78155556	0	0.0556	0.32704	0.363377777	0	0.363377777	11.3707982467	8.350838789	7.932661006	0	0.363377777	10.9526204637	7.932661006	10.9526204637	0	10.5892426867	7.569283229
18	4.7572308172	8.1624615579	-5.080307625	-0.3302651182	9	9	0	0	<a href='#'>Alonso (2006)</a>				0.3302651182	0.0183480621				10.3525666956	8.4572134971	6.2407680945		alonso_(2006)		1	0.2416912121	0.0409459407	0.2826371528	10.4865672973	8.5530376008	0.1340006016	0.0958241037	18	4.2778	1	0.6985	-0.3015	-0.01675	-0.335	0	0.0556	0.15984	0.1776	0	0.1776	10.1515672973	8.2180376008	8.7306376008	0	0.1776	10.6641672973	8.7306376008	10.6641672973	-0	10.4865672973	8.5530376008
17	5.9335054789	5.6783640633	-5.3881304577	-0.3944231586	13	4	0	-2	<a href='#'>Alonso (2012)</a>				-1.6055768414	-0.0944456966				14.8433398508	11.4714411291	13.5741014279		alonso_(2012)		1	0.4013413589	-0.0890576766	0.3122836823	14.2725008233	11.0617699524	-0.5708390275	-0.4096711768	18	6.1667	2	1.206	-0.794	-0.04411111	-0.88222222	0.02778	0.1111	0.25399	0.282211111	0.55556	-0.273344444	13.3902786033	10.1795477324	10.7884255084	1.1111	-0.8289	13.4436008233	10.2328699524	13.9991563793	-0.4411067	13.8313941233	10.6206632524
104	32.9587237669	38.6366281807	-32.4046480522	-2.2207538376	48	34	-22	-2	<a href='#'>Alonso (2004 to 2009)</a>				0.2207538376	0.0021226331				5.0499316339	3.8580621963	1.3388073102		alonso_(2004_to_2009)		1	0.148964559	-0.0443407656	0.1046237934	5.0717670469	3.880050575	0.021835413	0.0219883787	104	5.6635	6	6.548	0.548	0.00526923	0.10538462	0.00481	0.0577	1.36552	0.2626	0.09615	0.166446154	5.1771516669	3.985435195	4.046496729	0.1923	0.070292308	5.1420593549	3.950342883	5.2382132009	0.0175634	5.0893304469	3.897613975
93	34.3318160508	29.2174502748	-29.4507336745	-2.0552998224	51	25	-17	-2	<a href='#'>Alonso (2010 to 2014)</a>				0.0552998224	0.0005946217				6.3394432853	4.8837897736	3.7132955671		alonso_(2010_to_2014)		1	0.179583918	-0.0459584688	0.1336254491	6.264187342	4.8275159983	-0.0752559433	-0.0562737753	94	5.8085	9	5.2424	-3.7576	-0.03997447	-0.79948936	0.01596	0.0957	1.15228	0.245165957	0.31915	-0.073982979	5.464697982	4.0280266383	4.7535330193	0.6383	-0.393131915	5.871055427	4.4343840833	6.190204363	-0.2664973422	5.9976899998	4.5610186561
44	25.1368664736	7.2651853992	-11.5979481272	-2.0732938087	31	6	-7	-2	<a href='#'>Alonso (2015 to 2017)</a>				0.0732938087	0.0016657684				5.9081359344	4.587391388	7.6693395231		alonso_(2015_to_2017)		1	0.1190889002	-0.0390405997	0.0800483005	3.9827440154	3.0300328135	-1.925391919	-1.5573585745	46	13.5435	17	10.4234	-6.5766	-0.14296957	-2.8593913	0.07609	0.3696	1.91514	0.832669565	1.52174	-0.689069565	1.1233527154	0.1706415135	2.3409632485	1.7391	-0.906460869	3.0762831464	2.1235719445	3.2936744504	-0.67278618	3.3099578354	2.3572466335
