grid	eDNFFL	total	gained	kept	lost	DNF	eg	ek	el	egr	ekr	elr
1	0.0513833992	13	0	9	4	0	0	10.1111111111	2.8888888889	#DIV/0!	#DIV/0!	#DIV/0!
2	0.0592885375	15	2	7	6	0	2.0833333333	7.2619047619	5.6547619048	#DIV/0!	#DIV/0!	#DIV/0!
3	0.1976284585	10	2	1	7	0	3.1451612903	3.8306451613	3.0241935484	#DIV/0!	#DIV/0!	#DIV/0!
4	0.0790513834	5	0	1	4	0	1.5863453815	1.6265060241	1.7871485944	#DIV/0!	#DIV/0!	#DIV/0!
5	0.0790513834	5	2	1	2	0	2.0481927711	1.4457831325	1.5060240964	#DIV/0!	#DIV/0!	#DIV/0!
6	0	0	0	0	0	0	0	0	0	0	0	0
7	0.1304347826	3	1	0	1	1	0.9752066116	0.4710743802	0.5537190083	#DIV/0!	#DIV/0!	#DIV/0!
8	0.0197628458	1	0	1	0	0	0.3790322581	0.2459677419	0.375	#DIV/0!	#DIV/0!	#DIV/0!
9	0.1185770751	3	1	0	2	0	1.5185185185	0.5308641975	0.950617284	#DIV/0!	#DIV/0!	#DIV/0!
10	0.023715415	1	1	0	0	0	0.3967611336	0.2226720648	0.3805668016	#DIV/0!	#DIV/0!	#DIV/0!
11	0	0	0	0	0	0	0	0	0	0	0	0
12	0.0513833992	1	1	0	0	0	0.4833333333	0.1666666667	0.35	0.4931506849	0.1643835616	0.3424657534
13	0	0	0	0	0	0	0	0	0	0	0	0
14	0	0	0	0	0	0	0	0	0	0	0	0
15	0	0	0	0	0	0	0	0	0	0	0	0
16	0	0	0	0	0	0	0	0	0	0	0	0
17	0	0	0	0	0	0	0	0	0	0	0	0
18	0	0	0	0	0	0	0	0	0	0	0	0
19	0	0	0	0	0	0	0	0	0	0	0	0
20	0	0	0	0	0	0	0	0	0	0	0	0
21	0	0	0	0	0	0	0	0	0	0	0	0
22	0	0	0	0	0	0	0	0	0	0	0	0
23	0	0	0	0	0	0	0	0	0	0	0	0
24	0.037037037	1	1	0	0	0	0.7692307692	0.2307692308	0	0.8117154812	0.1882845188	0
