grid	eDNFFL	total	gained	kept	lost	DNF	eg	ek	el	egr	ekr	elr
1	0.0513833992	13	0	11	2	0	0	10.1111111111	2.8888888889	#DIV/0!	#DIV/0!	#DIV/0!
2	0.0434782609	11	0	9	2	0	1.5277777778	5.3253968254	4.1468253968	#DIV/0!	#DIV/0!	#DIV/0!
3	0.0790513834	4	0	3	1	0	1.2580645161	1.5322580645	1.2096774194	#DIV/0!	#DIV/0!	#DIV/0!
4	0.0316205534	2	0	1	1	0	0.6345381526	0.6506024096	0.7148594378	#DIV/0!	#DIV/0!	#DIV/0!
5	0.0316205534	2	1	0	1	0	0.8192771084	0.578313253	0.6024096386	#DIV/0!	#DIV/0!	#DIV/0!
6	0.0988142292	5	2	1	2	0	1.6935483871	1.5120967742	1.7943548387	#DIV/0!	#DIV/0!	#DIV/0!
7	0.0434782609	1	1	0	0	0	0.4876033058	0.2355371901	0.2768595041	0.5098039216	0.137254902	0.3529411765
8	0.0395256917	2	1	1	0	0	0.7580645161	0.4919354839	0.75	0.9863013699	0.3287671233	0.6849315068
9	0.0395256917	1	1	0	0	0	0.5061728395	0.1769547325	0.316872428	0.5	0.1690140845	0.3309859155
10	0.0711462451	3	2	0	1	0	1.1902834008	0.6680161943	1.1417004049	1.4131506849	0.4843835616	1.1024657534
11	0.0515873016	1	1	0	0	0	0.489539749	0.1338912134	0.3765690377	0.5	0.1690140845	0.3309859155
12	0	0	0	0	0	0	0	0	0	0	0	0
13	0.1106719368	2	0	1	1	0	1.1715481172	0.3179916318	0.510460251	1.1565217391	0.2695652174	0.5739130435
14	0.1027667984	2	2	0	0	0	0.95	0.275	0.775	1.0279890077	0.2560608342	0.7159501581
15	0	0	0	0	0	0	0	0	0	0	0	0
16	0	0	0	0	0	0	0	0	0	0	0	0
17	0	0	0	0	0	0	0	0	0	0	0	0
18	0.0436507937	1	1	0	0	0	0.643153527	0.0871369295	0.2697095436	0.6987447699	0.1213389121	0.179916318
19	0.1129032258	2	2	0	0	0	1.358974359	0.3247863248	0.3162393162	1.514893617	0.3404255319	0.1446808511
20	0.0448979592	1	0	1	0	0	0.7222222222	0.1794871795	0.0982905983	0.8117154812	0.1882845188	0
21	0	0	0	0	0	0	0	0	0	0	0	0
22	0.0066225166	1	1	0	0	0	0.7733333333	0.1733333333	0.0533333333	0.8117154812	0.1882845188	0
23	0	0	0	0	0	0	0	0	0	0	0	0
24	0	0	0	0	0	0	0	0	0	0	0	0
