grid	eDNFFL	total	gained	kept	lost	DNF	eg	ek	el	egr	ekr	elr
1	0.0039525692	1	0	1	0	0	0	0.7777777778	0.2222222222	#DIV/0!	#DIV/0!	#DIV/0!
2	0.0158102767	4	1	3	0	0	0.5555555556	1.9365079365	1.5079365079	#DIV/0!	#DIV/0!	#DIV/0!
3	0.1185770751	6	2	3	1	0	1.8870967742	2.2983870968	1.814516129	#DIV/0!	#DIV/0!	#DIV/0!
4	0.1581027668	10	2	3	5	0	3.1726907631	3.2530120482	3.5742971888	#DIV/0!	#DIV/0!	#DIV/0!
5	0.1581027668	10	5	1	4	0	4.0963855422	2.8915662651	3.0120481928	#DIV/0!	#DIV/0!	#DIV/0!
6	0.1185770751	6	3	1	1	1	1.6935483871	1.5120967742	1.7943548387	#DIV/0!	#DIV/0!	#DIV/0!
7	0.1304347826	3	1	0	2	0	1.4628099174	0.7066115702	0.8305785124	1.5294117647	0.4117647059	1.0588235294
8	0.0197628458	1	0	0	1	0	0.3790322581	0.2459677419	0.375	#DIV/0!	#DIV/0!	#DIV/0!
9	0.0395256917	1	0	1	0	0	0.5061728395	0.1769547325	0.316872428	0.5	0.1690140845	0.3309859155
10	0.0948616601	4	2	1	1	0	1.5870445344	0.8906882591	1.5222672065	1.9726027397	0.6575342466	1.3698630137
11	0	0	0	0	0	0	0	0	0	0	0	0
12	0	0	0	0	0	0	0	0	0	0	0	0
13	0	0	0	0	0	0	0	0	0	0	0	0
14	0	0	0	0	0	0	0	0	0	0	0	0
15	0	0	0	0	0	0	0	0	0	0	0	0
16	0	0	0	0	0	0	0	0	0	0	0	0
17	0	0	0	0	0	0	0	0	0	0	0	0
18	0.0436507937	1	1	0	0	0	0.643153527	0.0871369295	0.2697095436	0.6987447699	0.1213389121	0.179916318
19	0.1693548387	3	3	0	0	0	2.0384615385	0.4871794872	0.4743589744	2.2723404255	0.5106382979	0.2170212766
20	0	0	0	0	0	0	0	0	0	0	0	0
21	0	0	0	0	0	0	0	0	0	0	0	0
22	0	0	0	0	0	0	0	0	0	0	0	0
23	0	0	0	0	0	0	0	0	0	0	0	0
24	0	0	0	0	0	0	0	0	0	0	0	0
